TP
6 7
13 27
17 37
31 32
20 36
2 22
15 37
13 27
20 22
93 109
93 110
69 101
88 146
105 136
70 140
95 138
74 84
84 143
75 124
71 88
129 144
78 94
69 148
67 120
98 115
84 127
90 138
74 119
80 107
73 98
86 121
123 128
78 110
66 95
84 139
87 125
99 104
98 120
71 140
118 142
79 133
69 123
96 121
133 136
65 82
65 78
74 144
64 83
66 123
86 142
94 128
99 121
89 149
95 129
101 119
133 140
67 138
78 90
67 137
101 107
71 84
82 100
69 121
TN
51 55
45 55
46 47
46 54
50 56
152 196
163 199
156 172
154 188
189 193
266 296
299 305
279 286
287 317
302 305
387 432
381 384
402 409
390 414
407 427
536 544
529 595
567 591
528 569
543 564
696 697
674 685
662 696
643 670
645 660
812 851
814 846
836 848
818 859
804 848
907 919
919 924
910 915
910 927
909 919
981 1006
989 1017
989 1011
1008 1017
1006 1022
1088 1115
1079 1112
1098 1102
1089 1106
1084 1116
1169 1209
1189 1231
1185 1236
1196 1210
1155 1223
1276 1283
1262 1286
1262 1272
1274 1287
1265 1277
1337 1348
1341 1368
1342 1370
1358 1360
1357 1364
1475 1496
1457 1512
1486 1494
1441 1484
1504 1512
1586 1589
1586 1589
1587 1592
1585 1591
1653 1657
1605 1652
1609 1619
1642 1656
1604 1620
1722 1724
1715 1719
1724 1728
1726 1728
1715 1722
1836 1851
1826 1840
1841 1863
1847 1861
1857 1864
1937 1943
1920 1937
1932 1952
1925 1953
1925 1953
2022 2044
2022 2034
2031 2058
2041 2057
2033 2055
2112 2166
2159 2160
2109 2168
2114 2148
2166 2171
2277 2289
2286 2290
2275 2288
2272 2290
2277 2278
2407 2430
2399 2414
2401 2405
2382 2399
2387 2402
2470 2482
2480 2491
2467 2486
2477 2487
2474 2489
Intervals
6 7
13 27
17 37
31 32
20 36
2 22
15 37
13 27
20 22
93 109
93 110
69 101
88 146
105 136
70 140
95 138
74 84
84 143
75 124
71 88
129 144
78 94
69 148
67 120
98 115
84 127
90 138
74 119
80 107
73 98
86 121
123 128
78 110
66 95
84 139
87 125
99 104
98 120
71 140
118 142
79 133
69 123
96 121
133 136
65 82
65 78
74 144
64 83
66 123
86 142
94 128
99 121
89 149
95 129
101 119
133 140
67 138
78 90
67 137
101 107
71 84
82 100
69 121