Intervals
6 7
13 27
17 37
31 32
20 36
2 22
15 37
13 27
20 22
93 109
93 110
69 101
88 146
105 136
70 140
95 138
74 84
84 143
75 124
71 88
129 144
78 94
69 148
67 120
98 115
84 127
90 138
74 119
80 107
73 98
86 121
123 128
78 110
66 95
84 139
87 125
99 104
98 120
71 140
118 142
79 133
69 123
96 121
133 136
65 82
65 78
74 144
64 83
66 123
86 142
94 128
99 121
89 149
95 129
101 119
133 140
67 138
78 90
67 137
101 107
71 84
82 100
69 121
203 220
251 257
204 258
215 250
244 255
216 228
211 229
256 262
226 245
203 245
235 256
225 237
218 255
251 259
238 255
206 243
227 252
208 248
201 222
222 255
210 259
216 236
243 254
218 237
201 258
203 208
238 240
206 241
209 257
206 248
230 241
221 248
232 247
231 254
223 240
221 261
214 254
237 247
221 227
225 240
202 214
221 235
219 234
215 251
208 245
211 215
228 245
218 233
227 260
219 237
238 254
217 231
204 210
230 252
257 259
246 255
206 252
210 253
216 260
220 235
208 214
249 252
232 235
201 252
230 259
220 225
226 262
205 250
210 225
230 238
230 235
204 230
243 252
238 260
237 254
215 222
210 238
242 248
226 260
217 258
229 231
224 243
209 226
202 214
242 254
218 235
215 259
234 240
209 222
204 248
201 229
205 212
201 207
351 366
320 334
333 359
321 362
333 347
347 356
331 357
325 350
321 323
334 346
323 337
364 366
349 362
320 352
329 360
335 338
357 359
335 339
343 363
338 347
326 365
324 334
333 355
329 332
339 355
330 368
350 367
343 358
329 344
330 335
339 359
342 364
338 358
329 365
328 336
321 323
339 360
337 353
322 345
348 360
344 353
344 366
326 338
325 328
337 355
339 364
342 345
345 362
330 362
341 354
338 345
330 352
332 356
325 331
343 362
346 351
324 350
358 363
327 330
328 363
499 524
468 514
452 475
484 489
488 511
486 502
437 502
443 478
461 505
465 526
472 525
483 504
451 492
512 524
478 521
470 490
489 504
487 511
499 513
437 484
474 522
439 486
488 506
458 510
442 520
449 522
500 503
604 637
631 632
604 627
603 635
601 625
610 634
608 636
618 634
603 611
609 615
601 622
608 614
601 610
608 620
606 634
609 618
608 622
620 628
627 632
601 619
628 629
610 621
604 630
606 621
620 631
613 614
622 632
620 630
617 633
611 622
605 608
621 627
619 631
602 609
601 617
617 621
630 636
604 618
619 634
608 615
601 606
610 632
610 615
606 621
622 627
609 611
612 622
607 632
604 614
710 794
710 789
710 791
740 793
709 765
742 747
777 786
722 767
720 768
752 789
708 761
708 719
727 736
746 778
783 789
703 720
744 771
736 741
702 797
768 780
721 794
726 767
707 732
733 744
706 707
716 762
722 799
776 784
713 749
742 743
728 791
715 759
707 784
731 741
702 725
738 792
750 793
726 769
718 728
737 792
718 719
719 775
732 743
773 775
766 782
714 795
728 733
737 768
750 763
718 779
741 775
779 788
723 793
720 774
715 781
740 771
726 734
713 788
702 719
723 761
707 772
714 792
770 777
705 728
720 767
876 877
893 896
882 898
877 899
879 887
887 897
891 896
873 888
885 898
874 885
895 902
879 904
882 886
886 901
903 904
878 887
898 899
886 897
880 895
900 903
879 892
886 898
883 891
873 879
871 876
872 897
874 880
880 892
885 902
896 901
876 884
878 884
881 885
871 873
884 898
873 890
875 897
886 895
877 889
886 889
872 897
897 900
875 894
873 901
871 886
873 881
947 963
928 930
945 965
956 974
931 936
943 959
937 954
931 970
932 948
939 968
943 961
953 955
931 938
954 955
959 970
947 971
929 948
942 970
943 944
947 974
952 975
938 945
945 974
943 947
955 964
954 969
933 962
943 960
930 976
938 949
960 966
954 970
939 949
943 961
938 973
929 971
953 962
937 950
937 955
950 974
948 969
954 972
940 946
940 943
967 970
933 944
937 954
943 972
933 962
956 965
952 969
932 954
933 970
929 963
930 931
928 940
936 939
929 968
1051 1053
1031 1045
1131 1148
1135 1146
1129 1140
1133 1136
1134 1141
1242 1255
1254 1256
1251 1260
1241 1257
1240 1245
1239 1260
1244 1253
1247 1251
1242 1246
1239 1244
1244 1253
1247 1254
1239 1246
1242 1253
1240 1243
1248 1258
1244 1261
1244 1255
1249 1252
1244 1255
1254 1255
1256 1258
1243 1248
1246 1256
1244 1258
1246 1258
1251 1259
1247 1250
1244 1251
1242 1258
1243 1261
1242 1259
1243 1253
1245 1251
1252 1254
1240 1254
1243 1244
1242 1258
1244 1258
1241 1244
1259 1261
1244 1245
1250 1257
1251 1255
1243 1256
1255 1256
1316 1320
1316 1334
1306 1312
1317 1324
1314 1329
1312 1330
1316 1329
1312 1320
1312 1328
1312 1321
1303 1321
1310 1330
1321 1330
1316 1317
1401 1432
1425 1437
1418 1419
1408 1420
1397 1434
1407 1411
1396 1411
1378 1412
1376 1426
1415 1437
1388 1416
1378 1401
1395 1430
1390 1419
1380 1419
1379 1416
1391 1432
1382 1385
1399 1400
1395 1418
1382 1405
1388 1399
1384 1427
1399 1424
1410 1430
1393 1403
1398 1410
1405 1434
1376 1401
1414 1424
1421 1436
1383 1423
1395 1400
1384 1394
1387 1432
1401 1414
1415 1436
1379 1402
1392 1427
1375 1415
1393 1438
1424 1435
1375 1403
1379 1420
1383 1424
1389 1395
1402 1423
1391 1430
1393 1435
1390 1402
1401 1434
1401 1415
1378 1396
1422 1427
1420 1432
1380 1402
1396 1410
1379 1395
1376 1381
1387 1428
1395 1435
1407 1426
1382 1395
1416 1435
1396 1420
1381 1426
1375 1423
1391 1426
1382 1434
1380 1392
1412 1422
1393 1438
1404 1426
1378 1391
1375 1434
1429 1430
1426 1434
1378 1391
1393 1427
1398 1409
1393 1397
1540 1557
1545 1574
1529 1560
1564 1577
1520 1532
1569 1570
1562 1570
1547 1563
1528 1560
1536 1572
1535 1550
1530 1577
1516 1523
1521 1572
1543 1566
1523 1527
1549 1551
1545 1546
1516 1544
1544 1571
1515 1560
1525 1530
1537 1576
1526 1534
1523 1537
1542 1573
1533 1572
1525 1559
1519 1543
1522 1577
1565 1567
1520 1561
1519 1569
1521 1540
1530 1555
1537 1570
1597 1599
1601 1602
1593 1598
1593 1599
1596 1601
1593 1603
1598 1600
1596 1599
1596 1599
1593 1599
1597 1600
1598 1602
1601 1602
1597 1603
1600 1602
1599 1602
1596 1597
1593 1599
1593 1595
1594 1599
1596 1597
1597 1598
1593 1600
1596 1601
1598 1599
1599 1602
1596 1602
1595 1600
1602 1603
1598 1601
1600 1602
1593 1602
1594 1601
1595 1599
1601 1603
1596 1599
1594 1602
1597 1598
1595 1596
1593 1599
1594 1602
1593 1598
1595 1598
1597 1603
1594 1600
1594 1599
1594 1595
1600 1601
1594 1603
1593 1599
1599 1602
1596 1598
1595 1598
1593 1594
1600 1601
1594 1596
1594 1598
1594 1601
1593 1600
1594 1597
1595 1598
1594 1603
1599 1600
1597 1598
1595 1600
1594 1598
1596 1601
1593 1594
1593 1601
1597 1599
1593 1602
1597 1601
1594 1597
1594 1599
1597 1598
1598 1600
1593 1598
1596 1599
1594 1595
1686 1691
1668 1682
1668 1692
1675 1704
1673 1699
1669 1681
1693 1695
1660 1713
1661 1673
1753 1765
1739 1798
1735 1807
1773 1795
1744 1808
1748 1803
1778 1800
1759 1785
1741 1773
1744 1765
1750 1788
1767 1783
1732 1802
1767 1787
1756 1786
1733 1803
1747 1753
1791 1794
1748 1809
1804 1812
1800 1815
1783 1800
1740 1789
1769 1785
1748 1788
1759 1770
1765 1799
1731 1792
1773 1793
1775 1801
1755 1779
1740 1784
1745 1801
1792 1795
1757 1786
1743 1784
1732 1814
1786 1805
1762 1793
1748 1812
1810 1811
1758 1773
1730 1801
1804 1806
1748 1796
1767 1800
1756 1794
1770 1781
1734 1800
1734 1781
1790 1810
1738 1805
1735 1782
1731 1796
1758 1802
1737 1792
1770 1795
1797 1815
1782 1783
1741 1746
1738 1795
1750 1769
1783 1802
1885 1911
1883 1888
1888 1905
1888 1911
1886 1901
1888 1890
1888 1905
1957 1963
1960 2008
1973 1994
2014 2019
1960 1975
1969 1994
1982 1992
1957 1961
1970 1989
1957 1975
1961 1969
1986 2018
1977 2013
1996 2011
1991 2007
2000 2018
1960 1964
1962 2002
1957 1979
1994 2013
1957 1973
1983 1989
1987 1998
1964 2015
1982 1989
1967 2008
1965 2011
1966 1982
1964 1980
1975 2014
1982 2003
2082 2097
2089 2098
2077 2094
2087 2093
2079 2098
2079 2100
2082 2086
2090 2103
2079 2094
2086 2089
2087 2100
2079 2100
2090 2098
2082 2095
2091 2097
2076 2096
2087 2090
2095 2100
2077 2080
2077 2090
2085 2086
2075 2089
2081 2092
2074 2095
2079 2096
2076 2080
2076 2082
2085 2089
2081 2089
2074 2078
2086 2093
2081 2083
2196 2232
2186 2242
2177 2208
2218 2238
2200 2261
2187 2225
2243 2251
2224 2269
2189 2236
2232 2260
2220 2228
2227 2244
2226 2243
2184 2271
2177 2220
2195 2212
2198 2265
2252 2263
2177 2182
2237 2251
2205 2255
2172 2256
2213 2253
2188 2191
2202 2246
2215 2235
2214 2255
2173 2190
2202 2255
2213 2261
2191 2240
2227 2239
2202 2210
2243 2262
2205 2238
2200 2222
2230 2232
2217 2265
2199 2235
2210 2252
2260 2270
2216 2263
2220 2258
2247 2252
2238 2263
2173 2215
2248 2268
2233 2238
2311 2326
2324 2335
2293 2321
2309 2343
2326 2353
2328 2343
2330 2346
2305 2354
2319 2325
2295 2343
2332 2340
2298 2346
2296 2311
2309 2320
2344 2345
2303 2351
2325 2326
2297 2341
2305 2332
2310 2318
2324 2353
2303 2308
2310 2321
2311 2319
2334 2353
2325 2332
2324 2343
2300 2315
2293 2342
2304 2310
2434 2448
2438 2455
2434 2436
2443 2449
2435 2454
2456 2459
2443 2462
2448 2453
2457 2458
2444 2465
2441 2456
2437 2439
2437 2452
2457 2458
2437 2438
2442 2446
2448 2465
2454 2461
2442 2445
2460 2462
2437 2439
2436 2463
2442 2455
2449 2463
2445 2446
2448 2465
2435 2459
2439 2447
2450 2458
2436 2442
2440 2461
2446 2461
2456 2463
2438 2459
2450 2459
2444 2446
2441 2462
2453 2463
2437 2463
2450 2451
2435 2442
2440 2458
2450 2462
2439 2454
2450 2458
2436 2446
2461 2462
2448 2455
2458 2462
2436 2461
2452 2463
2456 2457
2455 2466
2454 2465
2450 2466
2440 2454